-500	1
-467	1
-456	1
-453	1
-447	1
-444	1
-442	2
-437	2
-433	1
-432	1
-431	1
-430	1
-428	2
-424	3
-422	1
-421	1
-420	2
-417	1
-414	1
-413	1
-412	1
-411	1
-410	1
-407	1
-405	2
-404	1
-403	1
-402	4
-400	1
-398	2
-397	1
-396	2
-395	2
-392	1
-391	2
-390	2
-389	3
-388	2
-387	4
-386	1
-385	3
-384	5
-383	1
-382	3
-380	3
-379	3
-378	3
-377	2
-376	3
-375	2
-374	2
-373	2
-372	2
-370	4
-368	3
-367	3
-366	2
-365	2
-364	3
-363	4
-362	4
-361	4
-360	1
-359	3
-358	2
-357	3
-356	6
-355	3
-354	2
-353	6
-352	4
-351	5
-350	3
-349	5
-348	6
-347	5
-346	5
-345	5
-344	11
-343	7
-342	5
-341	3
-340	7
-339	8
-338	7
-337	10
-336	6
-335	8
-334	9
-333	9
-332	6
-331	7
-330	11
-329	4
-328	11
-327	9
-326	11
-325	11
-324	8
-323	10
-322	11
-321	10
-320	7
-319	11
-318	7
-317	15
-316	15
-315	9
-314	8
-313	17
-312	12
-311	14
-310	20
-309	17
-308	19
-307	19
-306	16
-305	15
-304	18
-303	22
-302	16
-301	26
-300	22
-299	23
-298	25
-297	23
-296	27
-295	26
-294	24
-293	28
-292	24
-291	27
-290	33
-289	28
-288	28
-287	41
-286	32
-285	38
-284	29
-283	24
-282	39
-281	49
-280	24
-279	39
-278	31
-277	31
-276	45
-275	47
-274	38
-273	47
-272	44
-271	60
-270	50
-269	36
-268	42
-267	43
-266	65
-265	61
-264	52
-263	51
-262	47
-261	53
-260	63
-259	60
-258	54
-257	64
-256	62
-255	79
-254	68
-253	86
-252	65
-251	89
-250	78
-249	81
-248	75
-247	78
-246	84
-245	92
-244	100
-243	84
-242	78
-241	84
-240	95
-239	96
-238	113
-237	102
-236	96
-235	122
-234	94
-233	119
-232	138
-231	137
-230	130
-229	120
-228	157
-227	139
-226	133
-225	133
-224	153
-223	159
-222	141
-221	156
-220	173
-219	174
-218	192
-217	172
-216	177
-215	183
-214	161
-213	181
-212	201
-211	187
-210	215
-209	199
-208	247
-207	227
-206	217
-205	213
-204	237
-203	218
-202	216
-201	266
-200	231
-199	260
-198	237
-197	270
-196	260
-195	285
-194	249
-193	298
-192	292
-191	292
-190	324
-189	315
-188	299
-187	309
-186	342
-185	330
-184	349
-183	344
-182	396
-181	355
-180	396
-179	371
-178	375
-177	394
-176	410
-175	438
-174	392
-173	429
-172	456
-171	411
-170	432
-169	486
-168	495
-167	474
-166	472
-165	499
-164	507
-163	562
-162	570
-161	519
-160	565
-159	580
-158	576
-157	566
-156	558
-155	579
-154	621
-153	622
-152	594
-151	624
-150	608
-149	660
-148	641
-147	704
-146	696
-145	699
-144	725
-143	716
-142	709
-141	801
-140	716
-139	755
-138	777
-137	782
-136	720
-135	798
-134	820
-133	813
-132	839
-131	814
-130	827
-129	859
-128	865
-127	865
-126	935
-125	914
-124	888
-123	967
-122	968
-121	954
-120	942
-119	997
-118	1013
-117	1044
-116	1028
-115	1116
-114	1050
-113	1044
-112	1071
-111	1099
-110	1190
-109	1111
-108	1188
-107	1107
-106	1162
-105	1176
-104	1172
-103	1130
-102	1229
-101	1142
-100	1287
-99	1259
-98	1289
-97	1286
-96	1309
-95	1286
-94	1385
-93	1327
-92	1345
-91	1366
-90	1327
-89	1400
-88	1449
-87	1415
-86	1482
-85	1545
-84	1464
-83	1442
-82	1474
-81	1447
-80	1507
-79	1585
-78	1575
-77	1588
-76	1558
-75	1600
-74	1597
-73	1623
-72	1693
-71	1727
-70	1677
-69	1664
-68	1655
-67	1683
-66	1711
-65	1705
-64	1724
-63	1844
-62	1721
-61	1750
-60	1828
-59	1767
-58	1812
-57	1775
-56	1869
-55	1849
-54	1830
-53	1858
-52	1817
-51	1850
-50	1871
-49	1872
-48	1908
-47	1937
-46	1922
-45	1921
-44	1970
-43	2021
-42	1920
-41	2032
-40	1946
-39	1970
-38	1984
-37	2005
-36	1979
-35	2086
-34	2095
-33	2041
-32	2102
-31	2178
-30	2107
-29	2101
-28	2081
-27	2047
-26	2105
-25	2127
-24	2136
-23	2161
-22	2176
-21	2110
-20	2233
-19	2165
-18	2131
-17	2174
-16	2160
-15	2171
-14	2167
-13	2107
-12	2145
-11	2199
-10	2200
-9	2193
-8	2237
-7	2212
-6	2239
-5	2163
-4	2177
-3	2180
-2	2235
-1	2165
0	4404
1	2220
2	2231
3	2275
4	2195
5	2236
6	2224
7	2229
8	2256
9	2228
10	2259
11	2281
12	2236
13	2234
14	2193
15	2175
16	2139
17	2244
18	2150
19	2156
20	2179
21	2218
22	2233
23	2050
24	2088
25	2176
26	2219
27	2127
28	2066
29	2121
30	2122
31	2133
32	2038
33	2123
34	2042
35	2047
36	2024
37	2081
38	2103
39	2030
40	2031
41	1953
42	1992
43	2019
44	1953
45	2001
46	1974
47	1947
48	1967
49	1933
50	1970
51	1916
52	1934
53	1917
54	1898
55	1857
56	1846
57	1919
58	1812
59	1826
60	1761
61	1780
62	1773
63	1818
64	1770
65	1800
66	1745
67	1722
68	1778
69	1699
70	1708
71	1714
72	1660
73	1763
74	1628
75	1611
76	1613
77	1640
78	1645
79	1624
80	1607
81	1543
82	1548
83	1519
84	1517
85	1507
86	1530
87	1488
88	1391
89	1427
90	1519
91	1423
92	1383
93	1441
94	1351
95	1346
96	1345
97	1318
98	1256
99	1293
100	1330
101	1311
102	1321
103	1303
104	1246
105	1193
106	1194
107	1159
108	1226
109	1183
110	1144
111	1135
112	1081
113	1151
114	1083
115	1079
116	1068
117	1050
118	1032
119	978
120	999
121	1031
122	1004
123	999
124	945
125	929
126	957
127	882
128	878
129	894
130	848
131	829
132	832
133	836
134	837
135	829
136	813
137	755
138	805
139	744
140	750
141	746
142	670
143	773
144	724
145	666
146	654
147	687
148	622
149	646
150	626
151	596
152	600
153	577
154	567
155	573
156	533
157	544
158	550
159	531
160	502
161	498
162	492
163	505
164	511
165	495
166	443
167	494
168	412
169	428
170	451
171	452
172	425
173	402
174	433
175	335
176	420
177	397
178	376
179	367
180	362
181	301
182	336
183	333
184	354
185	331
186	323
187	316
188	305
189	295
190	288
191	299
192	286
193	255
194	260
195	265
196	240
197	253
198	228
199	242
200	223
201	221
202	204
203	207
204	212
205	206
206	207
207	204
208	197
209	195
210	179
211	183
212	164
213	179
214	171
215	147
216	181
217	184
218	152
219	187
220	147
221	154
222	140
223	132
224	138
225	133
226	137
227	131
228	127
229	126
230	133
231	110
232	120
233	125
234	107
235	103
236	105
237	75
238	103
239	101
240	84
241	78
242	100
243	85
244	88
245	83
246	82
247	82
248	91
249	66
250	71
251	73
252	56
253	54
254	60
255	68
256	68
257	69
258	70
259	53
260	62
261	42
262	55
263	56
264	48
265	51
266	54
267	41
268	38
269	49
270	37
271	42
272	51
273	33
274	27
275	34
276	37
277	37
278	29
279	31
280	35
281	37
282	31
283	38
284	31
285	23
286	27
287	21
288	33
289	18
290	23
291	23
292	22
293	21
294	22
295	23
296	19
297	35
298	18
299	24
300	15
301	19
302	12
303	19
304	12
305	16
306	15
307	18
308	14
309	13
310	10
311	10
312	11
313	12
314	16
315	19
316	10
317	12
318	11
319	11
320	11
321	12
322	18
323	8
324	14
325	13
326	3
327	6
328	9
329	11
330	4
331	11
332	15
333	5
334	5
335	8
336	5
337	9
338	12
339	8
340	7
341	5
342	10
343	2
344	5
345	3
346	1
347	7
348	5
349	6
350	4
351	5
352	2
353	2
354	2
355	6
357	5
358	2
359	3
360	6
361	1
362	3
363	1
364	4
365	2
366	4
367	2
368	3
369	1
370	3
371	1
373	1
374	3
375	1
376	1
378	3
380	2
381	1
382	4
383	2
384	2
385	3
386	1
387	3
388	1
389	2
393	1
394	1
395	2
396	2
397	1
398	3
400	1
405	4
408	1
409	1
410	1
417	1
418	3
421	1
422	1
437	2
442	1
455	1
463	1
